function in = CSEE22
in.line = [...
% 支路类型：1：线路，2：YN,yn变压器，3：YN，d变压器
% 支路号	 支路类型(S) 	节点(I)	 节点(J) 	正序电抗(X)	零序电抗(Xo)
1	3	7	1	0.0150	inf;
2	3	9	2	0.0217	0.0503;
3	3	22	3	0.0124	0.049;
4	3	19	4	0.0640	0.13400;
5	3	18	5	0.0375	0.0066;
6	3	17	6	0.0337	0.0337;
7	1	7	8	0.074	inf;
8	1	7	9	0.104	inf;
9	1	8	9	0.0131	0.03768;
10	2	10	9	-0.0020	-0.0020;
11	1	9	22	0.218	0.6407;
12	2	11	10	0.018	0.018;
13	2	15	12	0.018	0.018;
14	1	12	13	0.0255	0.0591;
15	2	17	13	0.01	0.01;
16	2	15	14	-0.002	-0.00200
17	1	14	19	0.02	0.0743;
18	2	16	17	0.001	0.001;
19	1	16	19	0.218	0.6339;
20	1	16	20	0.0662	0.1849;
21	1	16	21	0.1780	0.5304;
22	1	16	18	0.0333	0.0622;
23	1	19	21	0.037	0.113;
24	1	20	22	0.0859	0.2541;
25	1	21	22	0.0607	0.1776;
26	1	22	8	0.19	0.5658;
27	1	11	12	0.0343	0.0796;...
];
in.gen=[...
%发电机节点(I) 	直轴次暂态电抗(xd") 	负序电抗(x2)			
1	0.0150	0.0150;			
2	0.0238	0.0288;			
3	0.0284	0.0284;			
4	0.0780	0.0950;			
5	0.048  0.0310;			
6	0.148	0.18;...		
];
end